10
10
5
0.12 0.15 0.12 0.08 0.05 0.18 0.22 0.18 0.12 0.08 0.25 0.35 0.30 0.18 0.10 0.18 0.22 0.18 0.12 0.08 0.12 0.15 0.12 0.08 0.05
0.15 0.22 0.18 0.12 0.08 0.28 0.45 0.40 0.25 0.15 0.40 0.65 0.60 0.40 0.20 0.28 0.45 0.40 0.25 0.15 0.15 0.22 0.18 0.12 0.08
0.18 0.28 0.25 0.18 0.10 0.35 0.55 0.50 0.35 0.20 0.55 0.85 0.80 0.55 0.30 0.35 0.55 0.50 0.35 0.20 0.18 0.28 0.25 0.18 0.10
0.22 0.35 0.30 0.22 0.12 0.45 0.75 0.70 0.45 0.25 0.75 0.95 0.90 0.75 0.45 0.45 0.75 0.70 0.45 0.25 0.22 0.35 0.30 0.22 0.12
0.25 0.40 0.35 0.25 0.15 0.55 0.85 0.80 0.55 0.35 0.85 1.00 0.95 0.85 0.55 0.55 0.85 0.80 0.55 0.35 0.25 0.40 0.35 0.25 0.15
0.25 0.40 0.35 0.25 0.15 0.55 0.85 0.80 0.55 0.35 0.85 1.00 0.95 0.85 0.55 0.55 0.85 0.80 0.55 0.35 0.25 0.40 0.35 0.25 0.15
0.22 0.35 0.30 0.22 0.12 0.45 0.75 0.70 0.45 0.25 0.75 0.95 0.90 0.75 0.45 0.45 0.75 0.70 0.45 0.25 0.22 0.35 0.30 0.22 0.12
0.18 0.28 0.25 0.18 0.10 0.35 0.55 0.50 0.35 0.20 0.55 0.85 0.80 0.55 0.30 0.35 0.55 0.50 0.35 0.20 0.18 0.28 0.25 0.18 0.10
0.15 0.22 0.18 0.12 0.08 0.28 0.45 0.40 0.25 0.15 0.40 0.65 0.60 0.40 0.20 0.28 0.45 0.40 0.25 0.15 0.15 0.22 0.18 0.12 0.08
0.12 0.15 0.12 0.08 0.05 0.18 0.22 0.18 0.12 0.08 0.25 0.35 0.30 0.18 0.10 0.18 0.22 0.18 0.12 0.08 0.12 0.15 0.12 0.08 0.05

